start=3096.551792
fullscreen=no
sid=5
sub-delay=-0.100000
